 &MODEL_GRIDS  
  im=85
  jm=52
  lm=20 
  loni=-57.0   
  lati=-27.0  
  res=0.2 
  FreqModOut=6  
  IDIA=12
  IMES=12
  IANO=2006
  IHORA=00
  ARQIN='eta20km2006121200+2006121200.grb'
  ARQOUT='IndicesSeveros2006121200+2006121200.bin'
  strm_opt=5
 &END
 &MODEL_LEVS
  mlevs=1000., 950., 925., 900., 850., 800., 750., 700., 650., 600.,
         550., 500., 450., 400., 350., 300., 250., 200., 150., 100.,
	 000., 000., 000., 000., 000., 000., 000., 000., 000., 000., 
	 000., 000., 000., 000., 000., 000., 000., 000., 000., 000.,
	 000., 000., 000., 000., 000., 000., 000., 000., 000., 000.,
	 000., 000., 000., 000., 000., 000., 000., 000., 000., 000.,
	 000., 000., 000., 000., 000., 000., 000., 000., 000., 000.,
	 000., 000., 000., 000., 000., 000., 000., 000., 000., 000.,
	 000., 000., 000., 000., 000., 000., 000., 000., 000., 000.,
	 000., 000., 000., 000., 000., 000., 000., 000., 000., 000.,
	 000., 000., 000., 000., 000., 000., 000., 000., 000., 000.,
	 000., 000., 000., 000., 000., 000., 000., 000., 000., 000.,
	 000., 000., 000., 000., 000., 000., 000., 000., 000., 000.,
	 000., 000., 000., 000., 000., 000., 000., 000., 000., 000.,
	 000., 000., 000., 000., 000., 000., 000., 000., 000., 000.,
	 000., 000., 000., 000., 000., 000., 000., 000., 000., 000.,
	 000., 000., 000., 000., 000., 000., 000., 000., 000., 000.,
	 000., 000., 000., 000., 000., 000., 000., 000., 000., 000.,
	 000., 000., 000., 000., 000., 000., 000., 000., 000., 000.,
	 000., 000., 000., 000., 000., 000., 000., 000., 000., 000.
 &END
