 6.624478 6.608564 6.592650 6.642445 6.626531
 6.610617 6.594703 6.644499 6.628585 6.612671
 6.596756 6.646552 6.630638 6.614724 6.598810
 6.648605 6.632691 6.616777 6.600863 6.650659
 6.634744 6.618830 6.602916 6.652712 6.636798
 6.606798 6.594703 6.644499 6.628585 6.610000
 6.596756 6.646552 6.630638 6.614724 6.598810
 6.648605 6.632691 6.616777 6.600863 6.650659
 6.634744 6.618830 6.602916 6.652712 6.636798
 6.606798 6.594703 6.644499 6.628585 6.610000
 279.372656 279.133940 278.895230 279.642160 279.403450
 279.164731 278.926017 279.672950 279.434235 279.195521
 278.956807 279.703740 279.465025 279.226311 278.987596
 279.734529 279.495815 279.257100 279.018386 279.765319
 279.526604 279.287890 279.049176 279.796109 279.557394
 279.357394 278.926017 279.672950 279.434235 279.400000
 278.956807 279.703740 279.465025 279.226311 278.987596
 279.734529 279.495815 279.257100 279.018386 279.765319
 279.526604 279.287890 279.049176 279.796109 279.557394
 279.357394 278.926017 279.672950 279.434235 279.400000
